{
  "cells": [
    {
      "metadata": {
        "trusted": true
      },
      "cell_type": "code",
      "source": "A = [[ 4, 0 ,1], [ 1, -5 , 1] , [ 6, 1 ,0], [1, -1, -5]]",
      "execution_count": 5,
      "outputs": []
    },
    {
      "metadata": {
        "trusted": true
      },
      "cell_type": "code",
      "source": "import numpy as np",
      "execution_count": 12,
      "outputs": []
    },
    {
      "metadata": {
        "trusted": true
      },
      "cell_type": "code",
      "source": "q, r = np.linalg.qr(A)\n",
      "execution_count": 14,
      "outputs": []
    },
    {
      "metadata": {
        "trusted": true
      },
      "cell_type": "code",
      "source": "q",
      "execution_count": 62,
      "outputs": [
        {
          "output_type": "execute_result",
          "execution_count": 62,
          "data": {
            "text/plain": "array([[-5.44331054e-01, -2.14318987e-17,  1.92450090e-01],\n       [-1.36082763e-01, -9.62250449e-01,  1.92450090e-01],\n       [-8.16496581e-01,  1.92450090e-01,  1.38777878e-17],\n       [-1.36082763e-01, -1.92450090e-01, -9.62250449e-01]])"
          },
          "metadata": {}
        }
      ]
    },
    {
      "metadata": {
        "trusted": true
      },
      "cell_type": "code",
      "source": "print(r)",
      "execution_count": 17,
      "outputs": [
        {
          "output_type": "stream",
          "text": "[[-7.34846923e+00  0.00000000e+00  0.00000000e+00]\n [ 0.00000000e+00  5.19615242e+00  1.11022302e-16]\n [ 0.00000000e+00  0.00000000e+00  5.19615242e+00]]\n",
          "name": "stdout"
        }
      ]
    },
    {
      "metadata": {
        "trusted": true
      },
      "cell_type": "code",
      "source": "q_t =np.transpose(q)\nq_t",
      "execution_count": 66,
      "outputs": [
        {
          "output_type": "execute_result",
          "execution_count": 66,
          "data": {
            "text/plain": "array([[-5.44331054e-01, -1.36082763e-01, -8.16496581e-01,\n        -1.36082763e-01],\n       [-2.14318987e-17, -9.62250449e-01,  1.92450090e-01,\n        -1.92450090e-01],\n       [ 1.92450090e-01,  1.92450090e-01,  1.38777878e-17,\n        -9.62250449e-01]])"
          },
          "metadata": {}
        }
      ]
    },
    {
      "metadata": {
        "trusted": true
      },
      "cell_type": "code",
      "source": "b=[[9],[0],[0],[0]]\n#b=np.transpose(b)",
      "execution_count": 67,
      "outputs": []
    },
    {
      "metadata": {
        "trusted": true
      },
      "cell_type": "code",
      "source": "np.shape(b)",
      "execution_count": 68,
      "outputs": [
        {
          "output_type": "execute_result",
          "execution_count": 68,
          "data": {
            "text/plain": "(4, 1)"
          },
          "metadata": {}
        }
      ]
    },
    {
      "metadata": {
        "trusted": true
      },
      "cell_type": "code",
      "source": "np.shape(q_t)",
      "execution_count": 69,
      "outputs": [
        {
          "output_type": "execute_result",
          "execution_count": 69,
          "data": {
            "text/plain": "(3, 4)"
          },
          "metadata": {}
        }
      ]
    },
    {
      "metadata": {
        "trusted": true
      },
      "cell_type": "code",
      "source": "result = q_t@b",
      "execution_count": 70,
      "outputs": []
    },
    {
      "metadata": {
        "trusted": true
      },
      "cell_type": "code",
      "source": "result",
      "execution_count": 71,
      "outputs": [
        {
          "output_type": "execute_result",
          "execution_count": 71,
          "data": {
            "text/plain": "array([[-4.89897949e+00],\n       [-1.92887088e-16],\n       [ 1.73205081e+00]])"
          },
          "metadata": {}
        }
      ]
    },
    {
      "metadata": {
        "trusted": true
      },
      "cell_type": "code",
      "source": "x=[[2/3],[0],[1/3]]",
      "execution_count": 73,
      "outputs": []
    },
    {
      "metadata": {
        "trusted": true
      },
      "cell_type": "code",
      "source": "np.array(A)@x",
      "execution_count": 75,
      "outputs": [
        {
          "output_type": "execute_result",
          "execution_count": 75,
          "data": {
            "text/plain": "array([[ 3.],\n       [ 1.],\n       [ 4.],\n       [-1.]])"
          },
          "metadata": {}
        }
      ]
    },
    {
      "metadata": {
        "trusted": true
      },
      "cell_type": "code",
      "source": "",
      "execution_count": null,
      "outputs": []
    }
  ],
  "metadata": {
    "kernelspec": {
      "name": "python36",
      "display_name": "Python 3.6",
      "language": "python"
    },
    "language_info": {
      "mimetype": "text/x-python",
      "nbconvert_exporter": "python",
      "name": "python",
      "pygments_lexer": "ipython3",
      "version": "3.6.6",
      "file_extension": ".py",
      "codemirror_mode": {
        "version": 3,
        "name": "ipython"
      }
    }
  },
  "nbformat": 4,
  "nbformat_minor": 2
}